1, -100.00, -80.00, 100.00, -80.00, 1, 0, 0
1, 100.00, -80.00, 100.00, 80.00, 1, 0, 0
1, 100.00, 80.00, -100.00, 80.00, 1, 0, 0
1, -100.00, 80.00, -100.00, -80.00, 1, 0, 0
1, -100.00, 80.00, -102.24, 74.88, 1, 0, 0
1, -102.24, 74.88, -96.80, 76.16, 1, 0, 0
1, -96.80, 76.16, -91.36, 77.44, 1, 0, 0
1, -91.36, 77.44, -93.60, 72.32, 1, 0, 0
1, -93.60, 72.32, -95.84, 67.20, 1, 0, 0
1, -95.84, 67.20, -90.40, 68.48, 1, 0, 0
1, -90.40, 68.48, -84.96, 69.76, 1, 0, 0
1, -84.96, 69.76, -87.20, 64.64, 1, 0, 0
1, -87.20, 64.64, -89.44, 59.51, 1, 0, 0
1, -89.44, 59.51, -84.00, 60.79, 1, 0, 0
1, -84.00, 60.79, -78.55, 62.07, 1, 0, 0
1, -78.55, 62.07, -80.79, 56.95, 1, 0, 0
1, -80.79, 56.95, -83.04, 51.83, 1, 0, 0
1, -83.04, 51.83, -77.59, 53.11, 1, 0, 0
1, -77.59, 53.11, -72.15, 54.39, 1, 0, 0
1, -72.15, 54.39, -74.39, 49.27, 1, 0, 0
1, -74.39, 49.27, -76.63, 44.15, 1, 0, 0
1, -76.63, 44.15, -71.19, 45.43, 1, 0, 0
1, -71.19, 45.43, -65.75, 46.71, 1, 0, 0
1, -65.75, 46.71, -67.99, 41.59, 1, 0, 0
1, -67.99, 41.59, -70.23, 36.47, 1, 0, 0
1, -70.23, 36.47, -64.79, 37.75, 1, 0, 0
1, -64.79, 37.75, -59.35, 39.03, 1, 0, 0
1, -59.35, 39.03, -61.59, 33.91, 1, 0, 0
1, -61.59, 33.91, -63.83, 28.79, 1, 0, 0
1, -63.83, 28.79, -58.39, 30.07, 1, 0, 0
1, -58.39, 30.07, -52.95, 31.35, 1, 0, 0
1, -52.95, 31.35, -55.19, 26.22, 1, 0, 0
1, -55.19, 26.22, -57.43, 21.10, 1, 0, 0
1, -57.43, 21.10, -50.00, 20.00, 1, 0, 0
1, 0.00, -30.00, 2.50, -35.00, 1, 0, 0
1, 2.50, -35.00, 5.00, -30.00, 1, 0, 0
1, 5.00, -30.00, 7.50, -25.00, 1, 0, 0
1, 7.50, -25.00, 10.00, -30.00, 1, 0, 0
1, 10.00, -30.00, 12.50, -35.00, 1, 0, 0
1, 12.50, -35.00, 15.00, -30.00, 1, 0, 0
1, 15.00, -30.00, 17.50, -25.00, 1, 0, 0
1, 17.50, -25.00, 20.00, -30.00, 1, 0, 0
1, 20.00, -30.00, 22.50, -35.00, 1, 0, 0
1, 22.50, -35.00, 25.00, -30.00, 1, 0, 0
1, 25.00, -30.00, 27.50, -25.00, 1, 0, 0
1, 27.50, -25.00, 30.00, -30.00, 1, 0, 0
1, 30.00, -30.00, 32.50, -35.00, 1, 0, 0
1, 32.50, -35.00, 35.00, -30.00, 1, 0, 0
1, 35.00, -30.00, 37.50, -25.00, 1, 0, 0
1, 37.50, -25.00, 40.00, -30.00, 1, 0, 0
1, 40.00, -30.00, 42.50, -35.00, 1, 0, 0
1, 42.50, -35.00, 45.00, -30.00, 1, 0, 0
1, 45.00, -30.00, 47.50, -25.00, 1, 0, 0
1, 47.50, -25.00, 50.00, -30.00, 1, 0, 0
1, 50.00, -30.00, 52.50, -35.00, 1, 0, 0
1, 52.50, -35.00, 55.00, -30.00, 1, 0, 0
1, 55.00, -30.00, 57.50, -25.00, 1, 0, 0
1, 57.50, -25.00, 60.00, -30.00, 1, 0, 0
1, 60.00, -30.00, 62.50, -35.00, 1, 0, 0
1, 62.50, -35.00, 65.00, -30.00, 1, 0, 0
1, 65.00, -30.00, 67.50, -25.00, 1, 0, 0
1, 67.50, -25.00, 70.00, -30.00, 1, 0, 0
1, 70.00, -30.00, 72.50, -35.00, 1, 0, 0
1, 72.50, -35.00, 75.00, -30.00, 1, 0, 0
1, 75.00, -30.00, 77.50, -25.00, 1, 0, 0
1, 77.50, -25.00, 80.00, -30.00, 1, 0, 0
1, 80.00, -30.00, 82.50, -35.00, 1, 0, 0
1, 82.50, -35.00, 85.00, -30.00, 1, 0, 0
1, 85.00, -30.00, 87.50, -25.00, 1, 0, 0
1, 87.50, -25.00, 90.00, -30.00, 1, 0, 0
1, 90.00, -30.00, 92.50, -35.00, 1, 0, 0
1, 92.50, -35.00, 95.00, -30.00, 1, 0, 0
1, 95.00, -30.00, 97.50, -25.00, 1, 0, 0
1, 97.50, -25.00, 100.00, -30.00, 1, 0, 0
1, -50.00, 20.00, -44.94, 17.75, 1, 0, 0
1, -44.94, 17.75, -49.75, 15.01, 1, 0, 0
1, -49.75, 15.01, -54.38, 11.78, 1, 0, 0
1, -54.38, 11.78, -49.00, 10.07, 1, 0, 0
1, -49.00, 10.07, -43.60, 8.87, 1, 0, 0
1, -43.60, 8.87, -47.77, 5.22, 1, 0, 0
1, -47.77, 5.22, -51.67, 1.14, 1, 0, 0
1, -51.67, 1.14, -46.05, 0.53, 1, 0, 0
1, -46.05, 0.53, -40.52, 0.43, 1, 0, 0
1, -40.52, 0.43, -43.88, -3.97, 1, 0, 0
1, -43.88, -3.97, -46.89, -8.75, 1, 0, 0
1, -46.89, -8.75, -41.27, -8.23, 1, 0, 0
1, -41.27, -8.23, -35.82, -7.23, 1, 0, 0
1, -35.82, -7.23, -38.24, -12.21, 1, 0, 0
1, -38.24, -12.21, -40.24, -17.49, 1, 0, 0
1, -40.24, -17.49, -34.84, -15.87, 1, 0, 0
1, -34.84, -15.87, -29.70, -13.81, 1, 0, 0
1, -29.70, -13.81, -31.08, -19.17, 1, 0, 0
1, -31.08, -19.17, -31.99, -24.74, 1, 0, 0
1, -31.99, -24.74, -27.02, -22.07, 1, 0, 0
1, -27.02, -22.07, -22.39, -19.03, 1, 0, 0
1, -22.39, -19.03, -22.68, -24.56, 1, 0, 0
1, -22.68, -24.56, -22.47, -30.20, 1, 0, 0
1, -22.47, -30.20, -18.12, -26.60, 1, 0, 0
1, -18.12, -26.60, -14.19, -22.70, 1, 0, 0
1, -14.19, -22.70, -13.37, -28.18, 1, 0, 0
1, -13.37, -28.18, -12.05, -33.66, 1, 0, 0
1, -12.05, -33.66, -8.50, -29.27, 1, 0, 0
1, -8.50, -29.27, -5.42, -24.67, 1, 0, 0
1, -5.42, -24.67, -0.00, -30.00, 1, 0, 0
